1044
87436 93673 93676 93675 93674
87437 93676 93673 93678 93677
87438 93679 93674 93675 93680
87439 93681 93679 93680 93682
87440 93683 93681 93682 93684
87441 93685 93683 93684 93686
87442 93687 93685 93686 93688
87443 93689 93677 93678 93690
87444 93691 93687 93688 93692
87445 93693 93689 93690 93694
87446 93695 93691 93692 93696
87447 93697 93693 93694 93698
87448 93699 93695 93696 93700
87449 93701 93697 93698 93702
87450 93703 93699 93700 93704
87451 82818 93697 93701 82819
87452 82820 93693 93697 82818
87453 82821 93689 93693 82820
87454 82822 93677 93689 82821
87455 82823 93676 93677 82822
87456 82824 93675 93676 82823
87457 82825 93680 93675 82824
87458 82826 93682 93680 82825
87459 82827 93684 93682 82826
87460 82828 93686 93684 82827
87461 82829 93688 93686 82828
87462 82830 93692 93688 82829
87463 82831 93696 93692 82830
87464 82832 93700 93696 82831
87465 82833 93704 93700 82832
87466 93705 93699 93703 93706
87467 93707 93695 93699 93705
87468 93708 93691 93695 93707
87469 93709 93687 93691 93708
87470 93710 93685 93687 93709
87471 93711 93683 93685 93710
87472 93712 93681 93683 93711
87473 93713 93679 93681 93712
87474 93714 93674 93679 93713
87475 93715 93673 93674 93714
87476 93716 93678 93673 93715
87477 93717 93690 93678 93716
87478 93718 93694 93690 93717
87479 93719 93698 93694 93718
87480 93720 93702 93698 93719
87481 93721 93704 82833 82851
87482 93722 93703 93704 93721
87483 93723 93706 93703 93722
87484 71235 93702 93720 71236
87485 71237 93701 93702 71235
87486 59609 82819 93701 71237
87487 93724 93727 93726 93725
87488 93727 93724 93729 93728
87489 93730 93727 93728 93731
87490 93732 93726 93727 93730
87491 93733 93736 93735 93734
87492 93737 93738 93733 93734
87493 93739 93732 93738 93737
87494 93740 93726 93732 93739
87495 93741 93725 93726 93740
87496 93742 93724 93725 93741
87497 93743 93729 93724 93742
87498 93744 93745 93729 93743
87499 93746 93745 93744 93747
87500 93748 93745 93746 93749
87501 93750 93729 93745 93748
87502 93751 93728 93729 93750
87503 93752 93731 93728 93751
87504 93753 93731 93752 93754
87505 93755 93730 93731 93753
87506 93756 93732 93730 93755
87507 93757 93738 93732 93756
87508 93758 93733 93738 93757
87509 93759 93736 93733 93758
87510 93760 93761 93736 93759
87511 93762 93735 93736 93761
87512 93763 93734 93735 93762
87513 93764 93737 93734 93763
87514 93765 93739 93737 93764
87515 93766 93740 93739 93765
87516 93767 93741 93740 93766
87517 93768 93742 93741 93767
87518 93769 93743 93742 93768
87519 93770 93744 93743 93769
87520 93771 93747 93744 93770
87521 93772 93746 93747 93771
87522 93773 93749 93746 93772
87523 93774 93749 93773 93775
87524 93776 93748 93749 93774
87525 93777 93750 93748 93776
87526 93778 93751 93750 93777
87527 93779 93752 93751 93778
87528 93780 93754 93752 93779
87529 93781 93754 93780 93782
87530 93783 93753 93754 93781
87531 93784 93755 93753 93783
87532 93785 93756 93755 93784
87533 93786 93757 93756 93785
87534 93787 93758 93757 93786
87535 93788 93759 93758 93787
87536 93789 93760 93759 93788
87537 93790 93791 93760 93789
87538 93792 93791 93790 93793
87539 93794 93760 93791 93792
87540 93795 93761 93760 93794
87541 93796 93762 93761 93795
87542 93797 93763 93762 93796
87543 93798 93764 93763 93797
87544 93799 93765 93764 93798
87545 93800 93766 93765 93799
87546 93801 93767 93766 93800
87547 93802 93768 93767 93801
87548 93803 93769 93768 93802
87549 93804 93770 93769 93803
87550 93805 93771 93770 93804
87551 93806 93772 93771 93805
87552 93807 93773 93772 93806
87553 93808 93775 93773 93807
87554 93809 93810 93775 93808
87555 93811 93810 93809 93812
87556 93813 93775 93810 93811
87557 93814 93774 93775 93813
87558 93815 93776 93774 93814
87559 93816 93777 93776 93815
87560 93817 93778 93777 93816
87561 93818 93779 93778 93817
87562 93819 93780 93779 93818
87563 93820 93782 93780 93819
87564 93821 93782 93820 93822
87565 93823 93781 93782 93821
87566 93824 93783 93781 93823
87567 93825 93784 93783 93824
87568 93826 93785 93784 93825
87569 93827 93786 93785 93826
87570 93828 93787 93786 93827
87571 93829 93788 93787 93828
87572 93830 93789 93788 93829
87573 93831 93790 93789 93830
87574 93832 93793 93790 93831
87575 93833 93793 93832 93834
87576 93835 93792 93793 93833
87577 93836 93794 93792 93835
87578 93837 93795 93794 93836
87579 93838 93796 93795 93837
87580 93839 93797 93796 93838
87581 93840 93798 93797 93839
87582 93841 93799 93798 93840
87583 93842 93800 93799 93841
87584 93843 93801 93800 93842
87585 93844 93802 93801 93843
87586 93845 93803 93802 93844
87587 93846 93804 93803 93845
87588 93847 93805 93804 93846
87589 93848 93806 93805 93847
87590 93849 93807 93806 93848
87591 93850 93808 93807 93849
87592 93851 93809 93808 93850
87593 93852 93812 93809 93851
87594 93853 93812 93852 93854
87595 93855 93811 93812 93853
87596 93856 93813 93811 93855
87597 93857 93814 93813 93856
87598 93858 93815 93814 93857
87599 93859 93816 93815 93858
87600 93860 93817 93816 93859
87601 93861 93818 93817 93860
87602 93862 93819 93818 93861
87603 93863 93820 93819 93862
87604 93864 93822 93820 93863
87605 93865 93822 93864 93866
87606 93867 93821 93822 93865
87607 93868 93823 93821 93867
87608 93869 93824 93823 93868
87609 93870 93825 93824 93869
87610 93871 93826 93825 93870
87611 93872 93827 93826 93871
87612 93873 93828 93827 93872
87613 93874 93829 93828 93873
87614 93875 93830 93829 93874
87615 93876 93831 93830 93875
87616 93877 93832 93831 93876
87617 93878 93834 93832 93877
87618 93879 93880 93834 93878
87619 93881 93880 93879 93882
87620 93883 93834 93880 93881
87621 93884 93833 93834 93883
87622 93885 93835 93833 93884
87623 93886 93836 93835 93885
87624 93887 93837 93836 93886
87625 93888 93838 93837 93887
87626 93889 93839 93838 93888
87627 93890 93840 93839 93889
87628 93891 93841 93840 93890
87629 93892 93842 93841 93891
87630 93893 93894 93842 93892
87631 93895 93843 93842 93894
87632 93896 93844 93843 93895
87633 93897 93845 93844 93896
87634 93898 93846 93845 93897
87635 93899 93847 93846 93898
87636 93900 93848 93847 93899
87637 93901 93849 93848 93900
87638 93902 93850 93849 93901
87639 93903 93851 93850 93902
87640 93904 93852 93851 93903
87641 93905 93854 93852 93904
87642 71420 93854 93905 71421
87643 71422 93853 93854 71420
87644 71423 93855 93853 71422
87645 71424 93856 93855 71423
87646 71425 93857 93856 71424
87647 71426 93858 93857 71425
87648 71427 93859 93858 71426
87649 71428 93860 93859 71427
87650 71429 93861 93860 71428
87651 71430 93862 93861 71429
87652 71431 93863 93862 71430
87653 71432 93864 93863 71431
87654 71433 93866 93864 71432
87655 93720 93866 71433 71236
87656 93719 93865 93866 93720
87657 93718 93867 93865 93719
87658 93717 93868 93867 93718
87659 93716 93869 93868 93717
87660 93715 93870 93869 93716
87661 93714 93871 93870 93715
87662 93713 93872 93871 93714
87663 93712 93873 93872 93713
87664 93711 93874 93873 93712
87665 93710 93875 93874 93711
87666 93709 93876 93875 93710
87667 93708 93877 93876 93709
87668 93707 93878 93877 93708
87669 93705 93879 93878 93707
87670 93706 93882 93879 93705
87671 93906 93882 93706 93723
87672 93907 93881 93882 93906
87673 93908 93883 93881 93907
87674 93909 93884 93883 93908
87675 93910 93885 93884 93909
87676 93911 93886 93885 93910
87677 93912 93887 93886 93911
87678 93913 93888 93887 93912
87679 93914 93889 93888 93913
87680 93915 93890 93889 93914
87681 93916 93891 93890 93915
87682 93917 93892 93891 93916
87683 93918 93893 93892 93917
87684 93919 93894 93893 93918
87685 93920 93895 93894 93919
87686 93921 93896 93895 93920
87687 93922 93897 93896 93921
87688 93923 93898 93897 93922
87689 93924 93899 93898 93923
87690 93925 93900 93899 93924
87691 93926 93901 93900 93925
87692 93927 93902 93901 93926
87693 93928 93903 93902 93927
87694 93929 93904 93903 93928
87695 93930 93905 93904 93929
87696 71459 71421 93905 93930
76474 82786 82789 82788 82787
76475 82787 82791 82790 82786
76476 82792 82793 82788 82789
76477 82794 82795 82793 82792
76478 82796 82797 82795 82794
76479 82798 82799 82797 82796
76480 82800 82801 82799 82798
76481 82802 82803 82790 82791
76482 82804 82805 82801 82800
76483 82806 82807 82803 82802
76484 82808 82809 82805 82804
76485 82810 82811 82807 82806
76486 82812 82813 82809 82808
76487 82814 82815 82811 82810
76488 82816 82817 82813 82812
76489 82818 82819 82814 82810
76490 82820 82818 82810 82806
76491 82821 82820 82806 82802
76492 82822 82821 82802 82791
76493 82823 82822 82791 82787
76494 82824 82823 82787 82788
76495 82825 82824 82788 82793
76496 82826 82825 82793 82795
76497 82827 82826 82795 82797
76498 82828 82827 82797 82799
76499 82829 82828 82799 82801
76500 82830 82829 82801 82805
76501 82831 82830 82805 82809
76502 82832 82831 82809 82813
76503 82833 82832 82813 82817
76504 82834 82835 82816 82812
76505 82836 82834 82812 82808
76506 82837 82836 82808 82804
76507 82838 82837 82804 82800
76508 82839 82838 82800 82798
76509 82840 82839 82798 82796
76510 82841 82840 82796 82794
76511 82842 82841 82794 82792
76512 82843 82842 82792 82789
76513 82844 82843 82789 82786
76514 82845 82844 82786 82790
76515 82846 82845 82790 82803
76516 82847 82846 82803 82807
76517 82848 82847 82807 82811
76518 82849 82848 82811 82815
76519 82850 82851 82833 82817
76520 82852 82850 82817 82816
76521 82853 82852 82816 82835
76522 59606 59607 82849 82815
76523 59608 59606 82815 82814
76524 59609 59608 82814 82819
76525 82854 82857 82856 82855
76526 82855 82859 82858 82854
76527 82860 82861 82859 82855
76528 82862 82860 82855 82856
76529 82863 82866 82865 82864
76530 82867 82866 82863 82868
76531 82869 82867 82868 82862
76532 82870 82869 82862 82856
76533 82871 82870 82856 82857
76534 82872 82871 82857 82854
76535 82873 82872 82854 82858
76536 82874 82873 82858 82875
76537 82876 82877 82874 82875
76538 82878 82879 82876 82875
76539 82880 82878 82875 82858
76540 82881 82880 82858 82859
76541 82882 82881 82859 82861
76542 82883 82884 82882 82861
76543 82885 82883 82861 82860
76544 82886 82885 82860 82862
76545 82887 82886 82862 82868
76546 82888 82887 82868 82863
76547 82889 82888 82863 82864
76548 82890 82889 82864 82891
76549 82892 82891 82864 82865
76550 82893 82892 82865 82866
76551 82894 82893 82866 82867
76552 82895 82894 82867 82869
76553 82896 82895 82869 82870
76554 82897 82896 82870 82871
76555 82898 82897 82871 82872
76556 82899 82898 82872 82873
76557 82900 82899 82873 82874
76558 82901 82900 82874 82877
76559 82902 82901 82877 82876
76560 82903 82902 82876 82879
76561 82904 82905 82903 82879
76562 82906 82904 82879 82878
76563 82907 82906 82878 82880
76564 82908 82907 82880 82881
76565 82909 82908 82881 82882
76566 82910 82909 82882 82884
76567 82911 82912 82910 82884
76568 82913 82911 82884 82883
76569 82914 82913 82883 82885
76570 82915 82914 82885 82886
76571 82916 82915 82886 82887
76572 82917 82916 82887 82888
76573 82918 82917 82888 82889
76574 82919 82918 82889 82890
76575 82920 82919 82890 82921
76576 82922 82923 82920 82921
76577 82924 82922 82921 82890
76578 82925 82924 82890 82891
76579 82926 82925 82891 82892
76580 82927 82926 82892 82893
76581 82928 82927 82893 82894
76582 82929 82928 82894 82895
76583 82930 82929 82895 82896
76584 82931 82930 82896 82897
76585 82932 82931 82897 82898
76586 82933 82932 82898 82899
76587 82934 82933 82899 82900
76588 82935 82934 82900 82901
76589 82936 82935 82901 82902
76590 82937 82936 82902 82903
76591 82938 82937 82903 82905
76592 82939 82938 82905 82940
76593 82941 82942 82939 82940
76594 82943 82941 82940 82905
76595 82944 82943 82905 82904
76596 82945 82944 82904 82906
76597 82946 82945 82906 82907
76598 82947 82946 82907 82908
76599 82948 82947 82908 82909
76600 82949 82948 82909 82910
76601 82950 82949 82910 82912
76602 82951 82952 82950 82912
76603 82953 82951 82912 82911
76604 82954 82953 82911 82913
76605 82955 82954 82913 82914
76606 82956 82955 82914 82915
76607 82957 82956 82915 82916
76608 82958 82957 82916 82917
76609 82959 82958 82917 82918
76610 82960 82959 82918 82919
76611 82961 82960 82919 82920
76612 82962 82961 82920 82923
76613 82963 82964 82962 82923
76614 82965 82963 82923 82922
76615 82966 82965 82922 82924
76616 82967 82966 82924 82925
76617 82968 82967 82925 82926
76618 82969 82968 82926 82927
76619 82970 82969 82927 82928
76620 82971 82970 82928 82929
76621 82972 82971 82929 82930
76622 82973 82972 82930 82931
76623 82974 82973 82931 82932
76624 82975 82974 82932 82933
76625 82976 82975 82933 82934
76626 82977 82976 82934 82935
76627 82978 82977 82935 82936
76628 82979 82978 82936 82937
76629 82980 82979 82937 82938
76630 82981 82980 82938 82939
76631 82982 82981 82939 82942
76632 82983 82984 82982 82942
76633 82985 82983 82942 82941
76634 82986 82985 82941 82943
76635 82987 82986 82943 82944
76636 82988 82987 82944 82945
76637 82989 82988 82945 82946
76638 82990 82989 82946 82947
76639 82991 82990 82947 82948
76640 82992 82991 82948 82949
76641 82993 82992 82949 82950
76642 82994 82993 82950 82952
76643 82995 82996 82994 82952
76644 82997 82995 82952 82951
76645 82998 82997 82951 82953
76646 82999 82998 82953 82954
76647 83000 82999 82954 82955
76648 83001 83000 82955 82956
76649 83002 83001 82956 82957
76650 83003 83002 82957 82958
76651 83004 83003 82958 82959
76652 83005 83004 82959 82960
76653 83006 83005 82960 82961
76654 83007 83006 82961 82962
76655 83008 83007 82962 82964
76656 83009 83008 82964 83010
76657 83011 83012 83009 83010
76658 83013 83011 83010 82964
76659 83014 83013 82964 82963
76660 83015 83014 82963 82965
76661 83016 83015 82965 82966
76662 83017 83016 82966 82967
76663 83018 83017 82967 82968
76664 83019 83018 82968 82969
76665 83020 83019 82969 82970
76666 83021 83020 82970 82971
76667 83022 83021 82971 82972
76668 83023 83022 82972 83024
76669 83025 83024 82972 82973
76670 83026 83025 82973 82974
76671 83027 83026 82974 82975
76672 83028 83027 82975 82976
76673 83029 83028 82976 82977
76674 83030 83029 82977 82978
76675 83031 83030 82978 82979
76676 83032 83031 82979 82980
76677 83033 83032 82980 82981
76678 83034 83033 82981 82982
76679 83035 83034 82982 82984
76680 59792 59793 83035 82984
76681 59794 59792 82984 82983
76682 59795 59794 82983 82985
76683 59796 59795 82985 82986
76684 59797 59796 82986 82987
76685 59798 59797 82987 82988
76686 59799 59798 82988 82989
76687 59800 59799 82989 82990
76688 59801 59800 82990 82991
76689 59802 59801 82991 82992
76690 59803 59802 82992 82993
76691 59804 59803 82993 82994
76692 59805 59804 82994 82996
76693 82849 59607 59805 82996
76694 82848 82849 82996 82995
76695 82847 82848 82995 82997
76696 82846 82847 82997 82998
76697 82845 82846 82998 82999
76698 82844 82845 82999 83000
76699 82843 82844 83000 83001
76700 82842 82843 83001 83002
76701 82841 82842 83002 83003
76702 82840 82841 83003 83004
76703 82839 82840 83004 83005
76704 82838 82839 83005 83006
76705 82837 82838 83006 83007
76706 82836 82837 83007 83008
76707 82834 82836 83008 83009
76708 82835 82834 83009 83012
76709 83036 82853 82835 83012
76710 83037 83036 83012 83011
76711 83038 83037 83011 83013
76712 83039 83038 83013 83014
76713 83040 83039 83014 83015
76714 83041 83040 83015 83016
76715 83042 83041 83016 83017
76716 83043 83042 83017 83018
76717 83044 83043 83018 83019
76718 83045 83044 83019 83020
76719 83046 83045 83020 83021
76720 83047 83046 83021 83022
76721 83048 83047 83022 83023
76722 83049 83048 83023 83024
76723 83050 83049 83024 83025
76724 83051 83050 83025 83026
76725 83052 83051 83026 83027
76726 83053 83052 83027 83028
76727 83054 83053 83028 83029
76728 83055 83054 83029 83030
76729 83056 83055 83030 83031
76730 83057 83056 83031 83032
76731 83058 83057 83032 83033
76732 83059 83058 83033 83034
76733 83060 83059 83034 83035
76734 59831 83060 83035 59793
54550 59538 59541 59540 59539
54551 59541 59538 59543 59542
54552 59544 59539 59540 59545
54553 59546 59544 59545 59547
54554 59548 59546 59547 59549
54555 59550 59548 59549 59551
54556 59552 59550 59551 59553
54557 59554 59542 59543 59555
54558 59556 59552 59553 59557
54559 59558 59554 59555 59559
54560 59560 59556 59557 59561
54561 59562 59558 59559 59563
54562 59564 59560 59561 59565
54563 59566 59562 59563 59567
54564 59568 59564 59565 59569
54565 59570 59562 59566 59571
54566 59572 59558 59562 59570
54567 59573 59554 59558 59572
54568 59574 59542 59554 59573
54569 59575 59541 59542 59574
54570 59576 59540 59541 59575
54571 59577 59545 59540 59576
54572 59578 59547 59545 59577
54573 59579 59549 59547 59578
54574 59580 59551 59549 59579
54575 59581 59553 59551 59580
54576 59582 59557 59553 59581
54577 59583 59561 59557 59582
54578 59584 59565 59561 59583
54579 59585 59569 59565 59584
54580 59586 59564 59568 59587
54581 59588 59560 59564 59586
54582 59589 59556 59560 59588
54583 59590 59552 59556 59589
54584 59591 59550 59552 59590
54585 59592 59548 59550 59591
54586 59593 59546 59548 59592
54587 59594 59544 59546 59593
54588 59595 59539 59544 59594
54589 59596 59538 59539 59595
54590 59597 59543 59538 59596
54591 59598 59555 59543 59597
54592 59599 59559 59555 59598
54593 59600 59563 59559 59599
54594 59601 59567 59563 59600
54595 59602 59569 59585 59603
54596 59604 59568 59569 59602
54597 59605 59587 59568 59604
54598 59606 59567 59601 59607
54599 59608 59566 59567 59606
54600 59609 59571 59566 59608
54601 59610 59613 59612 59611
54602 59613 59610 59615 59614
54603 59616 59613 59614 59617
54604 59618 59612 59613 59616
54605 59619 59622 59621 59620
54606 59623 59624 59619 59620
54607 59625 59618 59624 59623
54608 59626 59612 59618 59625
54609 59627 59611 59612 59626
54610 59628 59610 59611 59627
54611 59629 59615 59610 59628
54612 59630 59631 59615 59629
54613 59632 59631 59630 59633
54614 59634 59631 59632 59635
54615 59636 59615 59631 59634
54616 59637 59614 59615 59636
54617 59638 59617 59614 59637
54618 59639 59617 59638 59640
54619 59641 59616 59617 59639
54620 59642 59618 59616 59641
54621 59643 59624 59618 59642
54622 59644 59619 59624 59643
54623 59645 59622 59619 59644
54624 59646 59647 59622 59645
54625 59648 59621 59622 59647
54626 59649 59620 59621 59648
54627 59650 59623 59620 59649
54628 59651 59625 59623 59650
54629 59652 59626 59625 59651
54630 59653 59627 59626 59652
54631 59654 59628 59627 59653
54632 59655 59629 59628 59654
54633 59656 59630 59629 59655
54634 59657 59633 59630 59656
54635 59658 59632 59633 59657
54636 59659 59635 59632 59658
54637 59660 59635 59659 59661
54638 59662 59634 59635 59660
54639 59663 59636 59634 59662
54640 59664 59637 59636 59663
54641 59665 59638 59637 59664
54642 59666 59640 59638 59665
54643 59667 59640 59666 59668
54644 59669 59639 59640 59667
54645 59670 59641 59639 59669
54646 59671 59642 59641 59670
54647 59672 59643 59642 59671
54648 59673 59644 59643 59672
54649 59674 59645 59644 59673
54650 59675 59646 59645 59674
54651 59676 59677 59646 59675
54652 59678 59677 59676 59679
54653 59680 59646 59677 59678
54654 59681 59647 59646 59680
54655 59682 59648 59647 59681
54656 59683 59649 59648 59682
54657 59684 59650 59649 59683
54658 59685 59651 59650 59684
54659 59686 59652 59651 59685
54660 59687 59653 59652 59686
54661 59688 59654 59653 59687
54662 59689 59655 59654 59688
54663 59690 59656 59655 59689
54664 59691 59657 59656 59690
54665 59692 59658 59657 59691
54666 59693 59659 59658 59692
54667 59694 59661 59659 59693
54668 59695 59696 59661 59694
54669 59697 59696 59695 59698
54670 59699 59661 59696 59697
54671 59700 59660 59661 59699
54672 59701 59662 59660 59700
54673 59702 59663 59662 59701
54674 59703 59664 59663 59702
54675 59704 59665 59664 59703
54676 59705 59666 59665 59704
54677 59706 59668 59666 59705
54678 59707 59668 59706 59708
54679 59709 59667 59668 59707
54680 59710 59669 59667 59709
54681 59711 59670 59669 59710
54682 59712 59671 59670 59711
54683 59713 59672 59671 59712
54684 59714 59673 59672 59713
54685 59715 59674 59673 59714
54686 59716 59675 59674 59715
54687 59717 59676 59675 59716
54688 59718 59679 59676 59717
54689 59719 59679 59718 59720
54690 59721 59678 59679 59719
54691 59722 59680 59678 59721
54692 59723 59681 59680 59722
54693 59724 59682 59681 59723
54694 59725 59683 59682 59724
54695 59726 59684 59683 59725
54696 59727 59685 59684 59726
54697 59728 59686 59685 59727
54698 59729 59687 59686 59728
54699 59730 59688 59687 59729
54700 59731 59689 59688 59730
54701 59732 59690 59689 59731
54702 59733 59691 59690 59732
54703 59734 59692 59691 59733
54704 59735 59693 59692 59734
54705 59736 59694 59693 59735
54706 59737 59695 59694 59736
54707 59738 59698 59695 59737
54708 59739 59698 59738 59740
54709 59741 59697 59698 59739
54710 59742 59699 59697 59741
54711 59743 59700 59699 59742
54712 59744 59701 59700 59743
54713 59745 59702 59701 59744
54714 59746 59703 59702 59745
54715 59747 59704 59703 59746
54716 59748 59705 59704 59747
54717 59749 59706 59705 59748
54718 59750 59708 59706 59749
54719 59751 59708 59750 59752
54720 59753 59707 59708 59751
54721 59754 59709 59707 59753
54722 59755 59710 59709 59754
54723 59756 59711 59710 59755
54724 59757 59712 59711 59756
54725 59758 59713 59712 59757
54726 59759 59714 59713 59758
54727 59760 59715 59714 59759
54728 59761 59716 59715 59760
54729 59762 59717 59716 59761
54730 59763 59718 59717 59762
54731 59764 59720 59718 59763
54732 59765 59766 59720 59764
54733 59767 59766 59765 59768
54734 59769 59720 59766 59767
54735 59770 59719 59720 59769
54736 59771 59721 59719 59770
54737 59772 59722 59721 59771
54738 59773 59723 59722 59772
54739 59774 59724 59723 59773
54740 59775 59725 59724 59774
54741 59776 59726 59725 59775
54742 59777 59727 59726 59776
54743 59778 59728 59727 59777
54744 59779 59780 59728 59778
54745 59781 59729 59728 59780
54746 59782 59730 59729 59781
54747 59783 59731 59730 59782
54748 59784 59732 59731 59783
54749 59785 59733 59732 59784
54750 59786 59734 59733 59785
54751 59787 59735 59734 59786
54752 59788 59736 59735 59787
54753 59789 59737 59736 59788
54754 59790 59738 59737 59789
54755 59791 59740 59738 59790
54756 59792 59740 59791 59793
54757 59794 59739 59740 59792
54758 59795 59741 59739 59794
54759 59796 59742 59741 59795
54760 59797 59743 59742 59796
54761 59798 59744 59743 59797
54762 59799 59745 59744 59798
54763 59800 59746 59745 59799
54764 59801 59747 59746 59800
54765 59802 59748 59747 59801
54766 59803 59749 59748 59802
54767 59804 59750 59749 59803
54768 59805 59752 59750 59804
54769 59601 59752 59805 59607
54770 59600 59751 59752 59601
54771 59599 59753 59751 59600
54772 59598 59754 59753 59599
54773 59597 59755 59754 59598
54774 59596 59756 59755 59597
54775 59595 59757 59756 59596
54776 59594 59758 59757 59595
54777 59593 59759 59758 59594
54778 59592 59760 59759 59593
54779 59591 59761 59760 59592
54780 59590 59762 59761 59591
54781 59589 59763 59762 59590
54782 59588 59764 59763 59589
54783 59586 59765 59764 59588
54784 59587 59768 59765 59586
54785 59806 59768 59587 59605
54786 59807 59767 59768 59806
54787 59808 59769 59767 59807
54788 59809 59770 59769 59808
54789 59810 59771 59770 59809
54790 59811 59772 59771 59810
54791 59812 59773 59772 59811
54792 59813 59774 59773 59812
54793 59814 59775 59774 59813
54794 59815 59776 59775 59814
54795 59816 59777 59776 59815
54796 59817 59778 59777 59816
54797 59818 59779 59778 59817
54798 59819 59780 59779 59818
54799 59820 59781 59780 59819
54800 59821 59782 59781 59820
54801 59822 59783 59782 59821
54802 59823 59784 59783 59822
54803 59824 59785 59784 59823
54804 59825 59786 59785 59824
54805 59826 59787 59786 59825
54806 59827 59788 59787 59826
54807 59828 59789 59788 59827
54808 59829 59790 59789 59828
54809 59830 59791 59790 59829
54810 59831 59793 59791 59830
65512 71184 71187 71186 71185
65513 71185 71189 71188 71184
65514 71190 71191 71186 71187
65515 71192 71193 71191 71190
65516 71194 71195 71193 71192
65517 71196 71197 71195 71194
65518 71198 71199 71197 71196
65519 71200 71201 71188 71189
65520 71202 71203 71199 71198
65521 71204 71205 71201 71200
65522 71206 71207 71203 71202
65523 71208 71209 71205 71204
65524 71210 71211 71207 71206
65525 71212 71213 71209 71208
65526 71214 71215 71211 71210
65527 59570 59571 71212 71208
65528 59572 59570 71208 71204
65529 59573 59572 71204 71200
65530 59574 59573 71200 71189
65531 59575 59574 71189 71185
65532 59576 59575 71185 71186
65533 59577 59576 71186 71191
65534 59578 59577 71191 71193
65535 59579 59578 71193 71195
65536 59580 59579 71195 71197
65537 59581 59580 71197 71199
65538 59582 59581 71199 71203
65539 59583 59582 71203 71207
65540 59584 59583 71207 71211
65541 59585 59584 71211 71215
65542 71216 71217 71214 71210
65543 71218 71216 71210 71206
65544 71219 71218 71206 71202
65545 71220 71219 71202 71198
65546 71221 71220 71198 71196
65547 71222 71221 71196 71194
65548 71223 71222 71194 71192
65549 71224 71223 71192 71190
65550 71225 71224 71190 71187
65551 71226 71225 71187 71184
65552 71227 71226 71184 71188
65553 71228 71227 71188 71201
65554 71229 71228 71201 71205
65555 71230 71229 71205 71209
65556 71231 71230 71209 71213
65557 71232 59603 59585 71215
65558 71233 71232 71215 71214
65559 71234 71233 71214 71217
65560 71235 71236 71231 71213
65561 71237 71235 71213 71212
65562 59609 71237 71212 59571
65563 71238 71241 71240 71239
65564 71239 71243 71242 71238
65565 71244 71245 71243 71239
65566 71246 71244 71239 71240
65567 71247 71250 71249 71248
65568 71251 71250 71247 71252
65569 71253 71251 71252 71246
65570 71254 71253 71246 71240
65571 71255 71254 71240 71241
65572 71256 71255 71241 71238
65573 71257 71256 71238 71242
65574 71258 71257 71242 71259
65575 71260 71261 71258 71259
65576 71262 71263 71260 71259
65577 71264 71262 71259 71242
65578 71265 71264 71242 71243
65579 71266 71265 71243 71245
65580 71267 71268 71266 71245
65581 71269 71267 71245 71244
65582 71270 71269 71244 71246
65583 71271 71270 71246 71252
65584 71272 71271 71252 71247
65585 71273 71272 71247 71248
65586 71274 71273 71248 71275
65587 71276 71275 71248 71249
65588 71277 71276 71249 71250
65589 71278 71277 71250 71251
65590 71279 71278 71251 71253
65591 71280 71279 71253 71254
65592 71281 71280 71254 71255
65593 71282 71281 71255 71256
65594 71283 71282 71256 71257
65595 71284 71283 71257 71258
65596 71285 71284 71258 71261
65597 71286 71285 71261 71260
65598 71287 71286 71260 71263
65599 71288 71289 71287 71263
65600 71290 71288 71263 71262
65601 71291 71290 71262 71264
65602 71292 71291 71264 71265
65603 71293 71292 71265 71266
65604 71294 71293 71266 71268
65605 71295 71296 71294 71268
65606 71297 71295 71268 71267
65607 71298 71297 71267 71269
65608 71299 71298 71269 71270
65609 71300 71299 71270 71271
65610 71301 71300 71271 71272
65611 71302 71301 71272 71273
65612 71303 71302 71273 71274
65613 71304 71303 71274 71305
65614 71306 71307 71304 71305
65615 71308 71306 71305 71274
65616 71309 71308 71274 71275
65617 71310 71309 71275 71276
65618 71311 71310 71276 71277
65619 71312 71311 71277 71278
65620 71313 71312 71278 71279
65621 71314 71313 71279 71280
65622 71315 71314 71280 71281
65623 71316 71315 71281 71282
65624 71317 71316 71282 71283
65625 71318 71317 71283 71284
65626 71319 71318 71284 71285
65627 71320 71319 71285 71286
65628 71321 71320 71286 71287
65629 71322 71321 71287 71289
65630 71323 71322 71289 71324
65631 71325 71326 71323 71324
65632 71327 71325 71324 71289
65633 71328 71327 71289 71288
65634 71329 71328 71288 71290
65635 71330 71329 71290 71291
65636 71331 71330 71291 71292
65637 71332 71331 71292 71293
65638 71333 71332 71293 71294
65639 71334 71333 71294 71296
65640 71335 71336 71334 71296
65641 71337 71335 71296 71295
65642 71338 71337 71295 71297
65643 71339 71338 71297 71298
65644 71340 71339 71298 71299
65645 71341 71340 71299 71300
65646 71342 71341 71300 71301
65647 71343 71342 71301 71302
65648 71344 71343 71302 71303
65649 71345 71344 71303 71304
65650 71346 71345 71304 71307
65651 71347 71348 71346 71307
65652 71349 71347 71307 71306
65653 71350 71349 71306 71308
65654 71351 71350 71308 71309
65655 71352 71351 71309 71310
65656 71353 71352 71310 71311
65657 71354 71353 71311 71312
65658 71355 71354 71312 71313
65659 71356 71355 71313 71314
65660 71357 71356 71314 71315
65661 71358 71357 71315 71316
65662 71359 71358 71316 71317
65663 71360 71359 71317 71318
65664 71361 71360 71318 71319
65665 71362 71361 71319 71320
65666 71363 71362 71320 71321
65667 71364 71363 71321 71322
65668 71365 71364 71322 71323
65669 71366 71365 71323 71326
65670 71367 71368 71366 71326
65671 71369 71367 71326 71325
65672 71370 71369 71325 71327
65673 71371 71370 71327 71328
65674 71372 71371 71328 71329
65675 71373 71372 71329 71330
65676 71374 71373 71330 71331
65677 71375 71374 71331 71332
65678 71376 71375 71332 71333
65679 71377 71376 71333 71334
65680 71378 71377 71334 71336
65681 71379 71380 71378 71336
65682 71381 71379 71336 71335
65683 71382 71381 71335 71337
65684 71383 71382 71337 71338
65685 71384 71383 71338 71339
65686 71385 71384 71339 71340
65687 71386 71385 71340 71341
65688 71387 71386 71341 71342
65689 71388 71387 71342 71343
65690 71389 71388 71343 71344
65691 71390 71389 71344 71345
65692 71391 71390 71345 71346
65693 71392 71391 71346 71348
65694 71393 71392 71348 71394
65695 71395 71396 71393 71394
65696 71397 71395 71394 71348
65697 71398 71397 71348 71347
65698 71399 71398 71347 71349
65699 71400 71399 71349 71350
65700 71401 71400 71350 71351
65701 71402 71401 71351 71352
65702 71403 71402 71352 71353
65703 71404 71403 71353 71354
65704 71405 71404 71354 71355
65705 71406 71405 71355 71356
65706 71407 71406 71356 71408
65707 71409 71408 71356 71357
65708 71410 71409 71357 71358
65709 71411 71410 71358 71359
65710 71412 71411 71359 71360
65711 71413 71412 71360 71361
65712 71414 71413 71361 71362
65713 71415 71414 71362 71363
65714 71416 71415 71363 71364
65715 71417 71416 71364 71365
65716 71418 71417 71365 71366
65717 71419 71418 71366 71368
65718 71420 71421 71419 71368
65719 71422 71420 71368 71367
65720 71423 71422 71367 71369
65721 71424 71423 71369 71370
65722 71425 71424 71370 71371
65723 71426 71425 71371 71372
65724 71427 71426 71372 71373
65725 71428 71427 71373 71374
65726 71429 71428 71374 71375
65727 71430 71429 71375 71376
65728 71431 71430 71376 71377
65729 71432 71431 71377 71378
65730 71433 71432 71378 71380
65731 71231 71236 71433 71380
65732 71230 71231 71380 71379
65733 71229 71230 71379 71381
65734 71228 71229 71381 71382
65735 71227 71228 71382 71383
65736 71226 71227 71383 71384
65737 71225 71226 71384 71385
65738 71224 71225 71385 71386
65739 71223 71224 71386 71387
65740 71222 71223 71387 71388
65741 71221 71222 71388 71389
65742 71220 71221 71389 71390
65743 71219 71220 71390 71391
65744 71218 71219 71391 71392
65745 71216 71218 71392 71393
65746 71217 71216 71393 71396
65747 71434 71234 71217 71396
65748 71435 71434 71396 71395
65749 71436 71435 71395 71397
65750 71437 71436 71397 71398
65751 71438 71437 71398 71399
65752 71439 71438 71399 71400
65753 71440 71439 71400 71401
65754 71441 71440 71401 71402
65755 71442 71441 71402 71403
65756 71443 71442 71403 71404
65757 71444 71443 71404 71405
65758 71445 71444 71405 71406
65759 71446 71445 71406 71407
65760 71447 71446 71407 71408
65761 71448 71447 71408 71409
65762 71449 71448 71409 71410
65763 71450 71449 71410 71411
65764 71451 71450 71411 71412
65765 71452 71451 71412 71413
65766 71453 71452 71413 71414
65767 71454 71453 71414 71415
65768 71455 71454 71415 71416
65769 71456 71455 71416 71417
65770 71457 71456 71417 71418
65771 71458 71457 71418 71419
65772 71459 71458 71419 71421
