1044
32626 36061 36064 36063 36062
32627 36064 36061 36066 36065
32628 36067 36062 36063 36068
32629 36069 36067 36068 36070
32630 36071 36069 36070 36072
32631 36073 36071 36072 36074
32632 36075 36073 36074 36076
32633 36077 36065 36066 36078
32634 36079 36075 36076 36080
32635 36081 36077 36078 36082
32636 36083 36079 36080 36084
32637 36085 36081 36082 36086
32638 36087 36083 36084 36088
32639 36089 36085 36086 36090
32640 36091 36087 36088 36092
32641 36093 36085 36089 36094
32642 36095 36081 36085 36093
32643 36096 36077 36081 36095
32644 36097 36065 36077 36096
32645 36098 36064 36065 36097
32646 36099 36063 36064 36098
32647 36100 36068 36063 36099
32648 36101 36070 36068 36100
32649 36102 36072 36070 36101
32650 36103 36074 36072 36102
32651 36104 36076 36074 36103
32652 36105 36080 36076 36104
32653 36106 36084 36080 36105
32654 36107 36088 36084 36106
32655 36108 36092 36088 36107
32656 36109 36087 36091 36110
32657 36111 36083 36087 36109
32658 36112 36079 36083 36111
32659 36113 36075 36079 36112
32660 36114 36073 36075 36113
32661 36115 36071 36073 36114
32662 36116 36069 36071 36115
32663 36117 36067 36069 36116
32664 36118 36062 36067 36117
32665 36119 36061 36062 36118
32666 36120 36066 36061 36119
32667 36121 36078 36066 36120
32668 36122 36082 36078 36121
32669 36123 36086 36082 36122
32670 36124 36090 36086 36123
32671 36125 36092 36108 36126
32672 36127 36091 36092 36125
32673 36128 36110 36091 36127
32674 24286 36090 36124 24287
32675 24288 36089 36090 24286
32676 12420 36094 36089 24288
32677 36129 36132 36131 36130
32678 36132 36129 36134 36133
32679 36135 36132 36133 36136
32680 36137 36131 36132 36135
32681 36138 36141 36140 36139
32682 36142 36143 36138 36139
32683 36144 36137 36143 36142
32684 36145 36131 36137 36144
32685 36146 36130 36131 36145
32686 36147 36129 36130 36146
32687 36148 36134 36129 36147
32688 36149 36150 36134 36148
32689 36151 36150 36149 36152
32690 36153 36150 36151 36154
32691 36155 36134 36150 36153
32692 36156 36133 36134 36155
32693 36157 36136 36133 36156
32694 36158 36136 36157 36159
32695 36160 36135 36136 36158
32696 36161 36137 36135 36160
32697 36162 36143 36137 36161
32698 36163 36138 36143 36162
32699 36164 36141 36138 36163
32700 36165 36166 36141 36164
32701 36167 36140 36141 36166
32702 36168 36139 36140 36167
32703 36169 36142 36139 36168
32704 36170 36144 36142 36169
32705 36171 36145 36144 36170
32706 36172 36146 36145 36171
32707 36173 36147 36146 36172
32708 36174 36148 36147 36173
32709 36175 36149 36148 36174
32710 36176 36152 36149 36175
32711 36177 36151 36152 36176
32712 36178 36154 36151 36177
32713 36179 36154 36178 36180
32714 36181 36153 36154 36179
32715 36182 36155 36153 36181
32716 36183 36156 36155 36182
32717 36184 36157 36156 36183
32718 36185 36159 36157 36184
32719 36186 36159 36185 36187
32720 36188 36158 36159 36186
32721 36189 36160 36158 36188
32722 36190 36161 36160 36189
32723 36191 36162 36161 36190
32724 36192 36163 36162 36191
32725 36193 36164 36163 36192
32726 36194 36165 36164 36193
32727 36195 36196 36165 36194
32728 36197 36196 36195 36198
32729 36199 36165 36196 36197
32730 36200 36166 36165 36199
32731 36201 36167 36166 36200
32732 36202 36168 36167 36201
32733 36203 36169 36168 36202
32734 36204 36170 36169 36203
32735 36205 36171 36170 36204
32736 36206 36172 36171 36205
32737 36207 36173 36172 36206
32738 36208 36174 36173 36207
32739 36209 36175 36174 36208
32740 36210 36176 36175 36209
32741 36211 36177 36176 36210
32742 36212 36178 36177 36211
32743 36213 36180 36178 36212
32744 36214 36215 36180 36213
32745 36216 36215 36214 36217
32746 36218 36180 36215 36216
32747 36219 36179 36180 36218
32748 36220 36181 36179 36219
32749 36221 36182 36181 36220
32750 36222 36183 36182 36221
32751 36223 36184 36183 36222
32752 36224 36185 36184 36223
32753 36225 36187 36185 36224
32754 36226 36187 36225 36227
32755 36228 36186 36187 36226
32756 36229 36188 36186 36228
32757 36230 36189 36188 36229
32758 36231 36190 36189 36230
32759 36232 36191 36190 36231
32760 36233 36192 36191 36232
32761 36234 36193 36192 36233
32762 36235 36194 36193 36234
32763 36236 36195 36194 36235
32764 36237 36198 36195 36236
32765 36238 36198 36237 36239
32766 36240 36197 36198 36238
32767 36241 36199 36197 36240
32768 36242 36200 36199 36241
32769 36243 36201 36200 36242
32770 36244 36202 36201 36243
32771 36245 36203 36202 36244
32772 36246 36204 36203 36245
32773 36247 36205 36204 36246
32774 36248 36206 36205 36247
32775 36249 36207 36206 36248
32776 36250 36208 36207 36249
32777 36251 36209 36208 36250
32778 36252 36210 36209 36251
32779 36253 36211 36210 36252
32780 36254 36212 36211 36253
32781 36255 36213 36212 36254
32782 36256 36214 36213 36255
32783 36257 36217 36214 36256
32784 36258 36217 36257 36259
32785 36260 36216 36217 36258
32786 36261 36218 36216 36260
32787 36262 36219 36218 36261
32788 36263 36220 36219 36262
32789 36264 36221 36220 36263
32790 36265 36222 36221 36264
32791 36266 36223 36222 36265
32792 36267 36224 36223 36266
32793 36268 36225 36224 36267
32794 36269 36227 36225 36268
32795 36270 36227 36269 36271
32796 36272 36226 36227 36270
32797 36273 36228 36226 36272
32798 36274 36229 36228 36273
32799 36275 36230 36229 36274
32800 36276 36231 36230 36275
32801 36277 36232 36231 36276
32802 36278 36233 36232 36277
32803 36279 36234 36233 36278
32804 36280 36235 36234 36279
32805 36281 36236 36235 36280
32806 36282 36237 36236 36281
32807 36283 36239 36237 36282
32808 36284 36285 36239 36283
32809 36286 36285 36284 36287
32810 36288 36239 36285 36286
32811 36289 36238 36239 36288
32812 36290 36240 36238 36289
32813 36291 36241 36240 36290
32814 36292 36242 36241 36291
32815 36293 36243 36242 36292
32816 36294 36244 36243 36293
32817 36295 36245 36244 36294
32818 36296 36246 36245 36295
32819 36297 36247 36246 36296
32820 36298 36299 36247 36297
32821 36300 36248 36247 36299
32822 36301 36249 36248 36300
32823 36302 36250 36249 36301
32824 36303 36251 36250 36302
32825 36304 36252 36251 36303
32826 36305 36253 36252 36304
32827 36306 36254 36253 36305
32828 36307 36255 36254 36306
32829 36308 36256 36255 36307
32830 36309 36257 36256 36308
32831 36310 36259 36257 36309
32832 24471 36259 36310 24472
32833 24473 36258 36259 24471
32834 24474 36260 36258 24473
32835 24475 36261 36260 24474
32836 24476 36262 36261 24475
32837 24477 36263 36262 24476
32838 24478 36264 36263 24477
32839 24479 36265 36264 24478
32840 24480 36266 36265 24479
32841 24481 36267 36266 24480
32842 24482 36268 36267 24481
32843 24483 36269 36268 24482
32844 24484 36271 36269 24483
32845 36124 36271 24484 24287
32846 36123 36270 36271 36124
32847 36122 36272 36270 36123
32848 36121 36273 36272 36122
32849 36120 36274 36273 36121
32850 36119 36275 36274 36120
32851 36118 36276 36275 36119
32852 36117 36277 36276 36118
32853 36116 36278 36277 36117
32854 36115 36279 36278 36116
32855 36114 36280 36279 36115
32856 36113 36281 36280 36114
32857 36112 36282 36281 36113
32858 36111 36283 36282 36112
32859 36109 36284 36283 36111
32860 36110 36287 36284 36109
32861 36311 36287 36110 36128
32862 36312 36286 36287 36311
32863 36313 36288 36286 36312
32864 36314 36289 36288 36313
32865 36315 36290 36289 36314
32866 36316 36291 36290 36315
32867 36317 36292 36291 36316
32868 36318 36293 36292 36317
32869 36319 36294 36293 36318
32870 36320 36295 36294 36319
32871 36321 36296 36295 36320
32872 36322 36297 36296 36321
32873 36323 36298 36297 36322
32874 36324 36299 36298 36323
32875 36325 36300 36299 36324
32876 36326 36301 36300 36325
32877 36327 36302 36301 36326
32878 36328 36303 36302 36327
32879 36329 36304 36303 36328
32880 36330 36305 36304 36329
32881 36331 36306 36305 36330
32882 36332 36307 36306 36331
32883 36333 36308 36307 36332
32884 36334 36309 36308 36333
32885 36335 36310 36309 36334
32886 24510 24472 36310 36335
43588 47172 47175 47174 47173
43589 47173 47177 47176 47172
43590 47178 47179 47174 47175
43591 47180 47181 47179 47178
43592 47182 47183 47181 47180
43593 47184 47185 47183 47182
43594 47186 47187 47185 47184
43595 47188 47189 47176 47177
43596 47190 47191 47187 47186
43597 47192 47193 47189 47188
43598 47194 47195 47191 47190
43599 47196 47197 47193 47192
43600 47198 47199 47195 47194
43601 47200 47201 47197 47196
43602 47202 47203 47199 47198
43603 36093 36094 47200 47196
43604 36095 36093 47196 47192
43605 36096 36095 47192 47188
43606 36097 36096 47188 47177
43607 36098 36097 47177 47173
43608 36099 36098 47173 47174
43609 36100 36099 47174 47179
43610 36101 36100 47179 47181
43611 36102 36101 47181 47183
43612 36103 36102 47183 47185
43613 36104 36103 47185 47187
43614 36105 36104 47187 47191
43615 36106 36105 47191 47195
43616 36107 36106 47195 47199
43617 36108 36107 47199 47203
43618 47204 47205 47202 47198
43619 47206 47204 47198 47194
43620 47207 47206 47194 47190
43621 47208 47207 47190 47186
43622 47209 47208 47186 47184
43623 47210 47209 47184 47182
43624 47211 47210 47182 47180
43625 47212 47211 47180 47178
43626 47213 47212 47178 47175
43627 47214 47213 47175 47172
43628 47215 47214 47172 47176
43629 47216 47215 47176 47189
43630 47217 47216 47189 47193
43631 47218 47217 47193 47197
43632 47219 47218 47197 47201
43633 47220 36126 36108 47203
43634 47221 47220 47203 47202
43635 47222 47221 47202 47205
43636 12417 12418 47219 47201
43637 12419 12417 47201 47200
43638 12420 12419 47200 36094
43639 47223 47226 47225 47224
43640 47224 47228 47227 47223
43641 47229 47230 47228 47224
43642 47231 47229 47224 47225
43643 47232 47235 47234 47233
43644 47236 47235 47232 47237
43645 47238 47236 47237 47231
43646 47239 47238 47231 47225
43647 47240 47239 47225 47226
43648 47241 47240 47226 47223
43649 47242 47241 47223 47227
43650 47243 47242 47227 47244
43651 47245 47246 47243 47244
43652 47247 47248 47245 47244
43653 47249 47247 47244 47227
43654 47250 47249 47227 47228
43655 47251 47250 47228 47230
43656 47252 47253 47251 47230
43657 47254 47252 47230 47229
43658 47255 47254 47229 47231
43659 47256 47255 47231 47237
43660 47257 47256 47237 47232
43661 47258 47257 47232 47233
43662 47259 47258 47233 47260
43663 47261 47260 47233 47234
43664 47262 47261 47234 47235
43665 47263 47262 47235 47236
43666 47264 47263 47236 47238
43667 47265 47264 47238 47239
43668 47266 47265 47239 47240
43669 47267 47266 47240 47241
43670 47268 47267 47241 47242
43671 47269 47268 47242 47243
43672 47270 47269 47243 47246
43673 47271 47270 47246 47245
43674 47272 47271 47245 47248
43675 47273 47274 47272 47248
43676 47275 47273 47248 47247
43677 47276 47275 47247 47249
43678 47277 47276 47249 47250
43679 47278 47277 47250 47251
43680 47279 47278 47251 47253
43681 47280 47281 47279 47253
43682 47282 47280 47253 47252
43683 47283 47282 47252 47254
43684 47284 47283 47254 47255
43685 47285 47284 47255 47256
43686 47286 47285 47256 47257
43687 47287 47286 47257 47258
43688 47288 47287 47258 47259
43689 47289 47288 47259 47290
43690 47291 47292 47289 47290
43691 47293 47291 47290 47259
43692 47294 47293 47259 47260
43693 47295 47294 47260 47261
43694 47296 47295 47261 47262
43695 47297 47296 47262 47263
43696 47298 47297 47263 47264
43697 47299 47298 47264 47265
43698 47300 47299 47265 47266
43699 47301 47300 47266 47267
43700 47302 47301 47267 47268
43701 47303 47302 47268 47269
43702 47304 47303 47269 47270
43703 47305 47304 47270 47271
43704 47306 47305 47271 47272
43705 47307 47306 47272 47274
43706 47308 47307 47274 47309
43707 47310 47311 47308 47309
43708 47312 47310 47309 47274
43709 47313 47312 47274 47273
43710 47314 47313 47273 47275
43711 47315 47314 47275 47276
43712 47316 47315 47276 47277
43713 47317 47316 47277 47278
43714 47318 47317 47278 47279
43715 47319 47318 47279 47281
43716 47320 47321 47319 47281
43717 47322 47320 47281 47280
43718 47323 47322 47280 47282
43719 47324 47323 47282 47283
43720 47325 47324 47283 47284
43721 47326 47325 47284 47285
43722 47327 47326 47285 47286
43723 47328 47327 47286 47287
43724 47329 47328 47287 47288
43725 47330 47329 47288 47289
43726 47331 47330 47289 47292
43727 47332 47333 47331 47292
43728 47334 47332 47292 47291
43729 47335 47334 47291 47293
43730 47336 47335 47293 47294
43731 47337 47336 47294 47295
43732 47338 47337 47295 47296
43733 47339 47338 47296 47297
43734 47340 47339 47297 47298
43735 47341 47340 47298 47299
43736 47342 47341 47299 47300
43737 47343 47342 47300 47301
43738 47344 47343 47301 47302
43739 47345 47344 47302 47303
43740 47346 47345 47303 47304
43741 47347 47346 47304 47305
43742 47348 47347 47305 47306
43743 47349 47348 47306 47307
43744 47350 47349 47307 47308
43745 47351 47350 47308 47311
43746 47352 47353 47351 47311
43747 47354 47352 47311 47310
43748 47355 47354 47310 47312
43749 47356 47355 47312 47313
43750 47357 47356 47313 47314
43751 47358 47357 47314 47315
43752 47359 47358 47315 47316
43753 47360 47359 47316 47317
43754 47361 47360 47317 47318
43755 47362 47361 47318 47319
43756 47363 47362 47319 47321
43757 47364 47365 47363 47321
43758 47366 47364 47321 47320
43759 47367 47366 47320 47322
43760 47368 47367 47322 47323
43761 47369 47368 47323 47324
43762 47370 47369 47324 47325
43763 47371 47370 47325 47326
43764 47372 47371 47326 47327
43765 47373 47372 47327 47328
43766 47374 47373 47328 47329
43767 47375 47374 47329 47330
43768 47376 47375 47330 47331
43769 47377 47376 47331 47333
43770 47378 47377 47333 47379
43771 47380 47381 47378 47379
43772 47382 47380 47379 47333
43773 47383 47382 47333 47332
43774 47384 47383 47332 47334
43775 47385 47384 47334 47335
43776 47386 47385 47335 47336
43777 47387 47386 47336 47337
43778 47388 47387 47337 47338
43779 47389 47388 47338 47339
43780 47390 47389 47339 47340
43781 47391 47390 47340 47341
43782 47392 47391 47341 47393
43783 47394 47393 47341 47342
43784 47395 47394 47342 47343
43785 47396 47395 47343 47344
43786 47397 47396 47344 47345
43787 47398 47397 47345 47346
43788 47399 47398 47346 47347
43789 47400 47399 47347 47348
43790 47401 47400 47348 47349
43791 47402 47401 47349 47350
43792 47403 47402 47350 47351
43793 47404 47403 47351 47353
43794 12603 12604 47404 47353
43795 12605 12603 47353 47352
43796 12606 12605 47352 47354
43797 12607 12606 47354 47355
43798 12608 12607 47355 47356
43799 12609 12608 47356 47357
43800 12610 12609 47357 47358
43801 12611 12610 47358 47359
43802 12612 12611 47359 47360
43803 12613 12612 47360 47361
43804 12614 12613 47361 47362
43805 12615 12614 47362 47363
43806 12616 12615 47363 47365
43807 47219 12418 12616 47365
43808 47218 47219 47365 47364
43809 47217 47218 47364 47366
43810 47216 47217 47366 47367
43811 47215 47216 47367 47368
43812 47214 47215 47368 47369
43813 47213 47214 47369 47370
43814 47212 47213 47370 47371
43815 47211 47212 47371 47372
43816 47210 47211 47372 47373
43817 47209 47210 47373 47374
43818 47208 47209 47374 47375
43819 47207 47208 47375 47376
43820 47206 47207 47376 47377
43821 47204 47206 47377 47378
43822 47205 47204 47378 47381
43823 47405 47222 47205 47381
43824 47406 47405 47381 47380
43825 47407 47406 47380 47382
43826 47408 47407 47382 47383
43827 47409 47408 47383 47384
43828 47410 47409 47384 47385
43829 47411 47410 47385 47386
43830 47412 47411 47386 47387
43831 47413 47412 47387 47388
43832 47414 47413 47388 47389
43833 47415 47414 47389 47390
43834 47416 47415 47390 47391
43835 47417 47416 47391 47392
43836 47418 47417 47392 47393
43837 47419 47418 47393 47394
43838 47420 47419 47394 47395
43839 47421 47420 47395 47396
43840 47422 47421 47396 47397
43841 47423 47422 47397 47398
43842 47424 47423 47398 47399
43843 47425 47424 47399 47400
43844 47426 47425 47400 47401
43845 47427 47426 47401 47402
43846 47428 47427 47402 47403
43847 47429 47428 47403 47404
43848 12642 47429 47404 12604
10702 12349 12352 12351 12350
10703 12352 12349 12354 12353
10704 12355 12350 12351 12356
10705 12357 12355 12356 12358
10706 12359 12357 12358 12360
10707 12361 12359 12360 12362
10708 12363 12361 12362 12364
10709 12365 12353 12354 12366
10710 12367 12363 12364 12368
10711 12369 12365 12366 12370
10712 12371 12367 12368 12372
10713 12373 12369 12370 12374
10714 12375 12371 12372 12376
10715 12377 12373 12374 12378
10716 12379 12375 12376 12380
10717 12381 12373 12377 12382
10718 12383 12369 12373 12381
10719 12384 12365 12369 12383
10720 12385 12353 12365 12384
10721 12386 12352 12353 12385
10722 12387 12351 12352 12386
10723 12388 12356 12351 12387
10724 12389 12358 12356 12388
10725 12390 12360 12358 12389
10726 12391 12362 12360 12390
10727 12392 12364 12362 12391
10728 12393 12368 12364 12392
10729 12394 12372 12368 12393
10730 12395 12376 12372 12394
10731 12396 12380 12376 12395
10732 12397 12375 12379 12398
10733 12399 12371 12375 12397
10734 12400 12367 12371 12399
10735 12401 12363 12367 12400
10736 12402 12361 12363 12401
10737 12403 12359 12361 12402
10738 12404 12357 12359 12403
10739 12405 12355 12357 12404
10740 12406 12350 12355 12405
10741 12407 12349 12350 12406
10742 12408 12354 12349 12407
10743 12409 12366 12354 12408
10744 12410 12370 12366 12409
10745 12411 12374 12370 12410
10746 12412 12378 12374 12411
10747 12413 12380 12396 12414
10748 12415 12379 12380 12413
10749 12416 12398 12379 12415
10750 12417 12378 12412 12418
10751 12419 12377 12378 12417
10752 12420 12382 12377 12419
10753 12421 12424 12423 12422
10754 12424 12421 12426 12425
10755 12427 12424 12425 12428
10756 12429 12423 12424 12427
10757 12430 12433 12432 12431
10758 12434 12435 12430 12431
10759 12436 12429 12435 12434
10760 12437 12423 12429 12436
10761 12438 12422 12423 12437
10762 12439 12421 12422 12438
10763 12440 12426 12421 12439
10764 12441 12442 12426 12440
10765 12443 12442 12441 12444
10766 12445 12442 12443 12446
10767 12447 12426 12442 12445
10768 12448 12425 12426 12447
10769 12449 12428 12425 12448
10770 12450 12428 12449 12451
10771 12452 12427 12428 12450
10772 12453 12429 12427 12452
10773 12454 12435 12429 12453
10774 12455 12430 12435 12454
10775 12456 12433 12430 12455
10776 12457 12458 12433 12456
10777 12459 12432 12433 12458
10778 12460 12431 12432 12459
10779 12461 12434 12431 12460
10780 12462 12436 12434 12461
10781 12463 12437 12436 12462
10782 12464 12438 12437 12463
10783 12465 12439 12438 12464
10784 12466 12440 12439 12465
10785 12467 12441 12440 12466
10786 12468 12444 12441 12467
10787 12469 12443 12444 12468
10788 12470 12446 12443 12469
10789 12471 12446 12470 12472
10790 12473 12445 12446 12471
10791 12474 12447 12445 12473
10792 12475 12448 12447 12474
10793 12476 12449 12448 12475
10794 12477 12451 12449 12476
10795 12478 12451 12477 12479
10796 12480 12450 12451 12478
10797 12481 12452 12450 12480
10798 12482 12453 12452 12481
10799 12483 12454 12453 12482
10800 12484 12455 12454 12483
10801 12485 12456 12455 12484
10802 12486 12457 12456 12485
10803 12487 12488 12457 12486
10804 12489 12488 12487 12490
10805 12491 12457 12488 12489
10806 12492 12458 12457 12491
10807 12493 12459 12458 12492
10808 12494 12460 12459 12493
10809 12495 12461 12460 12494
10810 12496 12462 12461 12495
10811 12497 12463 12462 12496
10812 12498 12464 12463 12497
10813 12499 12465 12464 12498
10814 12500 12466 12465 12499
10815 12501 12467 12466 12500
10816 12502 12468 12467 12501
10817 12503 12469 12468 12502
10818 12504 12470 12469 12503
10819 12505 12472 12470 12504
10820 12506 12507 12472 12505
10821 12508 12507 12506 12509
10822 12510 12472 12507 12508
10823 12511 12471 12472 12510
10824 12512 12473 12471 12511
10825 12513 12474 12473 12512
10826 12514 12475 12474 12513
10827 12515 12476 12475 12514
10828 12516 12477 12476 12515
10829 12517 12479 12477 12516
10830 12518 12479 12517 12519
10831 12520 12478 12479 12518
10832 12521 12480 12478 12520
10833 12522 12481 12480 12521
10834 12523 12482 12481 12522
10835 12524 12483 12482 12523
10836 12525 12484 12483 12524
10837 12526 12485 12484 12525
10838 12527 12486 12485 12526
10839 12528 12487 12486 12527
10840 12529 12490 12487 12528
10841 12530 12490 12529 12531
10842 12532 12489 12490 12530
10843 12533 12491 12489 12532
10844 12534 12492 12491 12533
10845 12535 12493 12492 12534
10846 12536 12494 12493 12535
10847 12537 12495 12494 12536
10848 12538 12496 12495 12537
10849 12539 12497 12496 12538
10850 12540 12498 12497 12539
10851 12541 12499 12498 12540
10852 12542 12500 12499 12541
10853 12543 12501 12500 12542
10854 12544 12502 12501 12543
10855 12545 12503 12502 12544
10856 12546 12504 12503 12545
10857 12547 12505 12504 12546
10858 12548 12506 12505 12547
10859 12549 12509 12506 12548
10860 12550 12509 12549 12551
10861 12552 12508 12509 12550
10862 12553 12510 12508 12552
10863 12554 12511 12510 12553
10864 12555 12512 12511 12554
10865 12556 12513 12512 12555
10866 12557 12514 12513 12556
10867 12558 12515 12514 12557
10868 12559 12516 12515 12558
10869 12560 12517 12516 12559
10870 12561 12519 12517 12560
10871 12562 12519 12561 12563
10872 12564 12518 12519 12562
10873 12565 12520 12518 12564
10874 12566 12521 12520 12565
10875 12567 12522 12521 12566
10876 12568 12523 12522 12567
10877 12569 12524 12523 12568
10878 12570 12525 12524 12569
10879 12571 12526 12525 12570
10880 12572 12527 12526 12571
10881 12573 12528 12527 12572
10882 12574 12529 12528 12573
10883 12575 12531 12529 12574
10884 12576 12577 12531 12575
10885 12578 12577 12576 12579
10886 12580 12531 12577 12578
10887 12581 12530 12531 12580
10888 12582 12532 12530 12581
10889 12583 12533 12532 12582
10890 12584 12534 12533 12583
10891 12585 12535 12534 12584
10892 12586 12536 12535 12585
10893 12587 12537 12536 12586
10894 12588 12538 12537 12587
10895 12589 12539 12538 12588
10896 12590 12591 12539 12589
10897 12592 12540 12539 12591
10898 12593 12541 12540 12592
10899 12594 12542 12541 12593
10900 12595 12543 12542 12594
10901 12596 12544 12543 12595
10902 12597 12545 12544 12596
10903 12598 12546 12545 12597
10904 12599 12547 12546 12598
10905 12600 12548 12547 12599
10906 12601 12549 12548 12600
10907 12602 12551 12549 12601
10908 12603 12551 12602 12604
10909 12605 12550 12551 12603
10910 12606 12552 12550 12605
10911 12607 12553 12552 12606
10912 12608 12554 12553 12607
10913 12609 12555 12554 12608
10914 12610 12556 12555 12609
10915 12611 12557 12556 12610
10916 12612 12558 12557 12611
10917 12613 12559 12558 12612
10918 12614 12560 12559 12613
10919 12615 12561 12560 12614
10920 12616 12563 12561 12615
10921 12412 12563 12616 12418
10922 12411 12562 12563 12412
10923 12410 12564 12562 12411
10924 12409 12565 12564 12410
10925 12408 12566 12565 12409
10926 12407 12567 12566 12408
10927 12406 12568 12567 12407
10928 12405 12569 12568 12406
10929 12404 12570 12569 12405
10930 12403 12571 12570 12404
10931 12402 12572 12571 12403
10932 12401 12573 12572 12402
10933 12400 12574 12573 12401
10934 12399 12575 12574 12400
10935 12397 12576 12575 12399
10936 12398 12579 12576 12397
10937 12617 12579 12398 12416
10938 12618 12578 12579 12617
10939 12619 12580 12578 12618
10940 12620 12581 12580 12619
10941 12621 12582 12581 12620
10942 12622 12583 12582 12621
10943 12623 12584 12583 12622
10944 12624 12585 12584 12623
10945 12625 12586 12585 12624
10946 12626 12587 12586 12625
10947 12627 12588 12587 12626
10948 12628 12589 12588 12627
10949 12629 12590 12589 12628
10950 12630 12591 12590 12629
10951 12631 12592 12591 12630
10952 12632 12593 12592 12631
10953 12633 12594 12593 12632
10954 12634 12595 12594 12633
10955 12635 12596 12595 12634
10956 12636 12597 12596 12635
10957 12637 12598 12597 12636
10958 12638 12599 12598 12637
10959 12639 12600 12599 12638
10960 12640 12601 12600 12639
10961 12641 12602 12601 12640
10962 12642 12604 12602 12641
21664 24235 24238 24237 24236
21665 24236 24240 24239 24235
21666 24241 24242 24237 24238
21667 24243 24244 24242 24241
21668 24245 24246 24244 24243
21669 24247 24248 24246 24245
21670 24249 24250 24248 24247
21671 24251 24252 24239 24240
21672 24253 24254 24250 24249
21673 24255 24256 24252 24251
21674 24257 24258 24254 24253
21675 24259 24260 24256 24255
21676 24261 24262 24258 24257
21677 24263 24264 24260 24259
21678 24265 24266 24262 24261
21679 12381 12382 24263 24259
21680 12383 12381 24259 24255
21681 12384 12383 24255 24251
21682 12385 12384 24251 24240
21683 12386 12385 24240 24236
21684 12387 12386 24236 24237
21685 12388 12387 24237 24242
21686 12389 12388 24242 24244
21687 12390 12389 24244 24246
21688 12391 12390 24246 24248
21689 12392 12391 24248 24250
21690 12393 12392 24250 24254
21691 12394 12393 24254 24258
21692 12395 12394 24258 24262
21693 12396 12395 24262 24266
21694 24267 24268 24265 24261
21695 24269 24267 24261 24257
21696 24270 24269 24257 24253
21697 24271 24270 24253 24249
21698 24272 24271 24249 24247
21699 24273 24272 24247 24245
21700 24274 24273 24245 24243
21701 24275 24274 24243 24241
21702 24276 24275 24241 24238
21703 24277 24276 24238 24235
21704 24278 24277 24235 24239
21705 24279 24278 24239 24252
21706 24280 24279 24252 24256
21707 24281 24280 24256 24260
21708 24282 24281 24260 24264
21709 24283 12414 12396 24266
21710 24284 24283 24266 24265
21711 24285 24284 24265 24268
21712 24286 24287 24282 24264
21713 24288 24286 24264 24263
21714 12420 24288 24263 12382
21715 24289 24292 24291 24290
21716 24290 24294 24293 24289
21717 24295 24296 24294 24290
21718 24297 24295 24290 24291
21719 24298 24301 24300 24299
21720 24302 24301 24298 24303
21721 24304 24302 24303 24297
21722 24305 24304 24297 24291
21723 24306 24305 24291 24292
21724 24307 24306 24292 24289
21725 24308 24307 24289 24293
21726 24309 24308 24293 24310
21727 24311 24312 24309 24310
21728 24313 24314 24311 24310
21729 24315 24313 24310 24293
21730 24316 24315 24293 24294
21731 24317 24316 24294 24296
21732 24318 24319 24317 24296
21733 24320 24318 24296 24295
21734 24321 24320 24295 24297
21735 24322 24321 24297 24303
21736 24323 24322 24303 24298
21737 24324 24323 24298 24299
21738 24325 24324 24299 24326
21739 24327 24326 24299 24300
21740 24328 24327 24300 24301
21741 24329 24328 24301 24302
21742 24330 24329 24302 24304
21743 24331 24330 24304 24305
21744 24332 24331 24305 24306
21745 24333 24332 24306 24307
21746 24334 24333 24307 24308
21747 24335 24334 24308 24309
21748 24336 24335 24309 24312
21749 24337 24336 24312 24311
21750 24338 24337 24311 24314
21751 24339 24340 24338 24314
21752 24341 24339 24314 24313
21753 24342 24341 24313 24315
21754 24343 24342 24315 24316
21755 24344 24343 24316 24317
21756 24345 24344 24317 24319
21757 24346 24347 24345 24319
21758 24348 24346 24319 24318
21759 24349 24348 24318 24320
21760 24350 24349 24320 24321
21761 24351 24350 24321 24322
21762 24352 24351 24322 24323
21763 24353 24352 24323 24324
21764 24354 24353 24324 24325
21765 24355 24354 24325 24356
21766 24357 24358 24355 24356
21767 24359 24357 24356 24325
21768 24360 24359 24325 24326
21769 24361 24360 24326 24327
21770 24362 24361 24327 24328
21771 24363 24362 24328 24329
21772 24364 24363 24329 24330
21773 24365 24364 24330 24331
21774 24366 24365 24331 24332
21775 24367 24366 24332 24333
21776 24368 24367 24333 24334
21777 24369 24368 24334 24335
21778 24370 24369 24335 24336
21779 24371 24370 24336 24337
21780 24372 24371 24337 24338
21781 24373 24372 24338 24340
21782 24374 24373 24340 24375
21783 24376 24377 24374 24375
21784 24378 24376 24375 24340
21785 24379 24378 24340 24339
21786 24380 24379 24339 24341
21787 24381 24380 24341 24342
21788 24382 24381 24342 24343
21789 24383 24382 24343 24344
21790 24384 24383 24344 24345
21791 24385 24384 24345 24347
21792 24386 24387 24385 24347
21793 24388 24386 24347 24346
21794 24389 24388 24346 24348
21795 24390 24389 24348 24349
21796 24391 24390 24349 24350
21797 24392 24391 24350 24351
21798 24393 24392 24351 24352
21799 24394 24393 24352 24353
21800 24395 24394 24353 24354
21801 24396 24395 24354 24355
21802 24397 24396 24355 24358
21803 24398 24399 24397 24358
21804 24400 24398 24358 24357
21805 24401 24400 24357 24359
21806 24402 24401 24359 24360
21807 24403 24402 24360 24361
21808 24404 24403 24361 24362
21809 24405 24404 24362 24363
21810 24406 24405 24363 24364
21811 24407 24406 24364 24365
21812 24408 24407 24365 24366
21813 24409 24408 24366 24367
21814 24410 24409 24367 24368
21815 24411 24410 24368 24369
21816 24412 24411 24369 24370
21817 24413 24412 24370 24371
21818 24414 24413 24371 24372
21819 24415 24414 24372 24373
21820 24416 24415 24373 24374
21821 24417 24416 24374 24377
21822 24418 24419 24417 24377
21823 24420 24418 24377 24376
21824 24421 24420 24376 24378
21825 24422 24421 24378 24379
21826 24423 24422 24379 24380
21827 24424 24423 24380 24381
21828 24425 24424 24381 24382
21829 24426 24425 24382 24383
21830 24427 24426 24383 24384
21831 24428 24427 24384 24385
21832 24429 24428 24385 24387
21833 24430 24431 24429 24387
21834 24432 24430 24387 24386
21835 24433 24432 24386 24388
21836 24434 24433 24388 24389
21837 24435 24434 24389 24390
21838 24436 24435 24390 24391
21839 24437 24436 24391 24392
21840 24438 24437 24392 24393
21841 24439 24438 24393 24394
21842 24440 24439 24394 24395
21843 24441 24440 24395 24396
21844 24442 24441 24396 24397
21845 24443 24442 24397 24399
21846 24444 24443 24399 24445
21847 24446 24447 24444 24445
21848 24448 24446 24445 24399
21849 24449 24448 24399 24398
21850 24450 24449 24398 24400
21851 24451 24450 24400 24401
21852 24452 24451 24401 24402
21853 24453 24452 24402 24403
21854 24454 24453 24403 24404
21855 24455 24454 24404 24405
21856 24456 24455 24405 24406
21857 24457 24456 24406 24407
21858 24458 24457 24407 24459
21859 24460 24459 24407 24408
21860 24461 24460 24408 24409
21861 24462 24461 24409 24410
21862 24463 24462 24410 24411
21863 24464 24463 24411 24412
21864 24465 24464 24412 24413
21865 24466 24465 24413 24414
21866 24467 24466 24414 24415
21867 24468 24467 24415 24416
21868 24469 24468 24416 24417
21869 24470 24469 24417 24419
21870 24471 24472 24470 24419
21871 24473 24471 24419 24418
21872 24474 24473 24418 24420
21873 24475 24474 24420 24421
21874 24476 24475 24421 24422
21875 24477 24476 24422 24423
21876 24478 24477 24423 24424
21877 24479 24478 24424 24425
21878 24480 24479 24425 24426
21879 24481 24480 24426 24427
21880 24482 24481 24427 24428
21881 24483 24482 24428 24429
21882 24484 24483 24429 24431
21883 24282 24287 24484 24431
21884 24281 24282 24431 24430
21885 24280 24281 24430 24432
21886 24279 24280 24432 24433
21887 24278 24279 24433 24434
21888 24277 24278 24434 24435
21889 24276 24277 24435 24436
21890 24275 24276 24436 24437
21891 24274 24275 24437 24438
21892 24273 24274 24438 24439
21893 24272 24273 24439 24440
21894 24271 24272 24440 24441
21895 24270 24271 24441 24442
21896 24269 24270 24442 24443
21897 24267 24269 24443 24444
21898 24268 24267 24444 24447
21899 24485 24285 24268 24447
21900 24486 24485 24447 24446
21901 24487 24486 24446 24448
21902 24488 24487 24448 24449
21903 24489 24488 24449 24450
21904 24490 24489 24450 24451
21905 24491 24490 24451 24452
21906 24492 24491 24452 24453
21907 24493 24492 24453 24454
21908 24494 24493 24454 24455
21909 24495 24494 24455 24456
21910 24496 24495 24456 24457
21911 24497 24496 24457 24458
21912 24498 24497 24458 24459
21913 24499 24498 24459 24460
21914 24500 24499 24460 24461
21915 24501 24500 24461 24462
21916 24502 24501 24462 24463
21917 24503 24502 24463 24464
21918 24504 24503 24464 24465
21919 24505 24504 24465 24466
21920 24506 24505 24466 24467
21921 24507 24506 24467 24468
21922 24508 24507 24468 24469
21923 24509 24508 24469 24470
21924 24510 24509 24470 24472
